000000000001-25112020113854;1;-250;25;11;2020;11;38;54;RETIRO EFECTIVO;1
000000000001-25112020115331;1;-80;25;11;2020;11;53;31;RETIRO EFECTIVO;2
000000107419-25112020115829;107419;-70;25;11;2020;11;58;29;RETIRO EFECTIVO;1
000000000001-25112020115840;1;-50;25;11;2020;11;58;40;RETIRO EFECTIVO;1
000000109264-25112020121037;109264;-130;25;11;2020;12;10;37;RETIRO EFECTIVO;1
000000108317-25112020121104;108317;-280;25;11;2020;12;11;4;RETIRO EFECTIVO;1
000000000001-25112020141620;1;-50;25;11;2020;14;16;20;RETIRO EFECTIVO-los olivos;1
000000109878-25112020142016;109878;-120;25;11;2020;14;20;16;RETIRO EFECTIVO-los olivos;1
000000109878-25112020142023;109878;-130;25;11;2020;14;20;23;RETIRO EFECTIVO-los olivos;1
000000000001-25112020150411;1;-2500;25;11;2020;15;4;11;RETIRO EFECTIVO-smp;2
000000000001-25112020160110;1;-10;25;11;2020;16;1;10;RETIRO EFECTIVO-los olivos;1
000000000001-25112020172936;1;-10;25;11;2020;17;29;36;RETIRO EFECTIVO-los olivos;1
000000000001-25112020174924;1;-120;25;11;2020;17;49;24;RETIRO EFECTIVO-los olivos;1
000000000001-25112020181003;1;-100;25;11;2020;18;10;3;RETIRO EFECTIVO-los olivos;1
000000109264-25112020184256;109264;500;25;11;2020;18;42;56;DEPOSITO EFECTIVO-lima centr;3
000000109264-25112020184346;109264;-20;25;11;2020;18;43;46;RETIRO EFECTIVO-los olivos;1
000000000001-25112020184436;1;1000;25;11;2020;18;44;36;DEPOSITO EFECTIVO-smp;2
000000000001-25112020192309;1;-10;25;11;2020;19;23;9;RETIRO EFECTIVO-lima centr;3
000000107419-25112020195700;107419;-30;25;11;2020;19;57;0;TRANSF.CTA. 000000108317;-1
000000108317-25112020195700;108317;30;25;11;2020;19;57;0;ABONO CTA. 000000107419;-1
